{
  "nbformat": 4,
  "nbformat_minor": 0,
  "metadata": {
    "kernelspec": {
      "display_name": "Python 3",
      "language": "python",
      "name": "python3"
    },
    "language_info": {
      "codemirror_mode": {
        "name": "ipython",
        "version": 3
      },
      "file_extension": ".py",
      "mimetype": "text/x-python",
      "name": "python",
      "nbconvert_exporter": "python",
      "pygments_lexer": "ipython3",
      "version": "3.7.3"
    },
    "colab": {
      "name": "Desafío3_Redes_Neuronales (1).ipynb",
      "provenance": [],
      "collapsed_sections": [],
      "include_colab_link": true
    }
  },
  "cells": [
    {
      "cell_type": "markdown",
      "metadata": {
        "id": "view-in-github",
        "colab_type": "text"
      },
      "source": [
        "<a href=\"https://colab.research.google.com/github/roybarrera/BombeaVida/blob/master/Desaf%C3%ADo3_Redes_Neuronales_(1).ipynb\" target=\"_parent\"><img src=\"https://colab.research.google.com/assets/colab-badge.svg\" alt=\"Open In Colab\"/></a>"
      ]
    },
    {
      "cell_type": "markdown",
      "metadata": {
        "id": "_7UlCY0bfqvO",
        "colab_type": "text"
      },
      "source": [
        "# Machine Learning Avanazado MDS19 UDD\n",
        "\n",
        "\n",
        "## Desafío 3: Redes Neuronales.\n",
        "\n",
        "\n",
        "\n",
        "\n",
        "\n",
        "\n",
        "#### Profesor     : José García.\n",
        "#### Alumnos      : Roy Barrera, José Pérez.\n"
      ]
    },
    {
      "cell_type": "markdown",
      "metadata": {
        "id": "UnobEIc2fqvP",
        "colab_type": "text"
      },
      "source": [
        "### Resumen\n",
        "\n",
        "Para responder al desafío 3 de este curso, que dice relación con las Redes Neuronales, hemos decidido implementar modelos predictivos basados en Redes Neuronales, para complementar un trabajo previo realizado en el curso de \"Taller de proyecto aplicado\" de este mismo Magister.\n",
        "Basicamente el trabajo realizado previamente buscaba predecir el estado de funcionamiento de Bombas de agua en Tanzania. A los modelos predictivos implementados, se agregan ahora modelos predictivos basados en Redes Neuronales, usando para ello en un caso Keras y en el otro caso sklearn.\n",
        "\n",
        "\n",
        "Dicho lo anterior, se aborda este desafío 3.\n",
        "\n",
        "El objetivo perseguido es mediante modelos predictivos, conocer el estado funcional de Bombas de agua en Tanzania. \n",
        "\n",
        "Son 3 los estados que puede tener una Bomba de agua:\n",
        "\n",
        "* Functional: La Bomba de agua se encuentra operativa.\n",
        "\n",
        "* Functional needs repair: La Bomba de agua esta opertaiva, pero necesita repaciones.\n",
        "\n",
        "* Non functional: La Bomba de agua no esta operativa.\n",
        "\n",
        "Para ello se cuenta con un dataset de 59400 muestras y 41 variables(incluyendo la variable objetivo)\n",
        "\n",
        "\n",
        "El desarrollo de este Jupyter-Notebook consta de 3 puntos:\n",
        "\n",
        "1) __Exploración y manipulación del DataSet__\n",
        "\n",
        "2) __Modelamiento__\n",
        "\n",
        "3) __Conclusión__\n"
      ]
    },
    {
      "cell_type": "markdown",
      "metadata": {
        "id": "xLI0bsJnfqvQ",
        "colab_type": "text"
      },
      "source": [
        "# <a> ÍNDICE</a>\n",
        "\n",
        "- <a href='#1'>1. Exploración y manipulación del DataSet</a>\n",
        "- <a href='#2'>2. Modelamiento</a>\n",
        "    - <a href='#2.1'>2.1. Regresión Logística</a>\n",
        "    - <a href='#2.2'>2.2. Regresión Logística usando SMOTE</a>\n",
        "    - <a href='#2.3'>2.3. LightGBMClassifier</a>\n",
        "    - <a href='#2.4'>2.4. XGBClassifier</a>\n",
        "    - <a href='#2.5'>2.5. BalancedBaggingClassifier</a>\n",
        "    - <a href='#2.6'>2.6. Red Neuronal usando Keras</a>\n",
        "    - <a href='#2.7'>2.7. Red Neuronal MLPClassifier de sklearn</a>\n",
        "- <a href='#3'>3. Rendimiento de los modelos</a>\n",
        "    - <a href='#3.1'>3.1. Comparación de métricas</a>\n",
        "    - <a href='#3.2'>3.2. Matrices de confusión de los modelos</a>\n",
        "- <a href='#4'>4. Conclusión</a>    "
      ]
    },
    {
      "cell_type": "markdown",
      "metadata": {
        "id": "ElfV98CSfqvR",
        "colab_type": "text"
      },
      "source": [
        "# <a id='1'>1. Exploración y manipulación del DataSet</a>\n",
        "En principio este trabajo se desarrolló sobre Jupyter-Notebook, y al incorporar los modelos predictivos usando Redes Neuronales, debido al necesidad de más recurso de memoria y procesamiento, es que retomamos su desarrollo en la plataforma Google-Colab."
      ]
    },
    {
      "cell_type": "code",
      "metadata": {
        "id": "821NKCXQhTpJ",
        "colab_type": "code",
        "outputId": "ccb2de60-1ce5-40fb-90d5-77ce2c561aef",
        "colab": {
          "base_uri": "https://localhost:8080/",
          "height": 122
        }
      },
      "source": [
        "# Dado que se esta trabajando con Google Colab, lo primero que hacemos  es\n",
        "# montar Google-Drive, en donde está el DataSet a ser procesado.\n",
        "from google.colab import drive\n",
        "drive.mount('/content/drive')"
      ],
      "execution_count": 1,
      "outputs": [
        {
          "output_type": "stream",
          "text": [
            "Go to this URL in a browser: https://accounts.google.com/o/oauth2/auth?client_id=947318989803-6bn6qk8qdgf4n4g3pfee6491hc0brc4i.apps.googleusercontent.com&redirect_uri=urn%3aietf%3awg%3aoauth%3a2.0%3aoob&response_type=code&scope=email%20https%3a%2f%2fwww.googleapis.com%2fauth%2fdocs.test%20https%3a%2f%2fwww.googleapis.com%2fauth%2fdrive%20https%3a%2f%2fwww.googleapis.com%2fauth%2fdrive.photos.readonly%20https%3a%2f%2fwww.googleapis.com%2fauth%2fpeopleapi.readonly\n",
            "\n",
            "Enter your authorization code:\n",
            "··········\n",
            "Mounted at /content/drive\n"
          ],
          "name": "stdout"
        }
      ]
    },
    {
      "cell_type": "code",
      "metadata": {
        "id": "CSS6S8ahfqvS",
        "colab_type": "code",
        "colab": {}
      },
      "source": [
        "# Se importa la libreria pandas para la lectura del dataset.\n",
        "import pandas as pd"
      ],
      "execution_count": 0,
      "outputs": []
    },
    {
      "cell_type": "code",
      "metadata": {
        "id": "tH5kzeppfqvX",
        "colab_type": "code",
        "outputId": "3472c647-f8d6-4c86-ab44-aee05b3ce217",
        "colab": {
          "base_uri": "https://localhost:8080/",
          "height": 1000
        }
      },
      "source": [
        "# Se leen los dataset a ser procesados.\n",
        "\n",
        "# Se importa la libreria os\n",
        "import os\n",
        "# path es la ruta donde estan los dataset\n",
        "path = '/content/drive/My Drive/Colab Notebooks/03_Advanced_Machine_Learning/'\n",
        "\n",
        "# El Dataset 03_dataset_training.csv con el universo de variables recolectadas\n",
        "# (no considera la variable objetivo)\n",
        "df_01=pd.read_csv(os.path.join(path, '03_dataset_training.csv'), sep=',')\n",
        "\n",
        "# El Dataset 04_salidas_del_training.csv contiene la variable objetivo\n",
        "df_02=pd.read_csv(os.path.join(path, '04_salidas_del_training.csv'), sep=',')\n",
        "\n",
        "# Se define la función ve_df(), para mirar un dataframe.\n",
        "def ve_df(df):\n",
        "    print (\"# Muestras       : {:>7}\".format(df.shape[0]))\n",
        "    print (\"# Variables      : {:>7}\".format(df.shape[1]), \"\\n\")\n",
        "    print (\"Variables        : \\n\" ,df.columns.tolist())\n",
        "    print (\"\\n# Muestras  con  nulos    : {:>6}\".format(df.isnull().sum().values.sum()))\n",
        "    print (\"\\nValores únicos x variable :  \")\n",
        "    print (df.nunique())\n",
        "\n",
        "# Se miran ambos dataset leídos.\n",
        "ve_df(df_01)\n",
        "ve_df(df_02)\n"
      ],
      "execution_count": 3,
      "outputs": [
        {
          "output_type": "stream",
          "text": [
            "# Muestras       :   59400\n",
            "# Variables      :      40 \n",
            "\n",
            "Variables        : \n",
            " ['id', 'amount_tsh', 'date_recorded', 'funder', 'gps_height', 'installer', 'longitude', 'latitude', 'wpt_name', 'num_private', 'basin', 'subvillage', 'region', 'region_code', 'district_code', 'lga', 'ward', 'population', 'public_meeting', 'recorded_by', 'scheme_management', 'scheme_name', 'permit', 'construction_year', 'extraction_type', 'extraction_type_group', 'extraction_type_class', 'management', 'management_group', 'payment', 'payment_type', 'water_quality', 'quality_group', 'quantity', 'quantity_group', 'source', 'source_type', 'source_class', 'waterpoint_type', 'waterpoint_type_group']\n",
            "\n",
            "# Muestras  con  nulos    :  46094\n",
            "\n",
            "Valores únicos x variable :  \n",
            "id                       59400\n",
            "amount_tsh                  98\n",
            "date_recorded              356\n",
            "funder                    1897\n",
            "gps_height                2428\n",
            "installer                 2145\n",
            "longitude                57516\n",
            "latitude                 57517\n",
            "wpt_name                 37400\n",
            "num_private                 65\n",
            "basin                        9\n",
            "subvillage               19287\n",
            "region                      21\n",
            "region_code                 27\n",
            "district_code               20\n",
            "lga                        125\n",
            "ward                      2092\n",
            "population                1049\n",
            "public_meeting               2\n",
            "recorded_by                  1\n",
            "scheme_management           12\n",
            "scheme_name               2696\n",
            "permit                       2\n",
            "construction_year           55\n",
            "extraction_type             18\n",
            "extraction_type_group       13\n",
            "extraction_type_class        7\n",
            "management                  12\n",
            "management_group             5\n",
            "payment                      7\n",
            "payment_type                 7\n",
            "water_quality                8\n",
            "quality_group                6\n",
            "quantity                     5\n",
            "quantity_group               5\n",
            "source                      10\n",
            "source_type                  7\n",
            "source_class                 3\n",
            "waterpoint_type              7\n",
            "waterpoint_type_group        6\n",
            "dtype: int64\n",
            "# Muestras       :   59400\n",
            "# Variables      :       2 \n",
            "\n",
            "Variables        : \n",
            " ['id', 'status_group']\n",
            "\n",
            "# Muestras  con  nulos    :      0\n",
            "\n",
            "Valores únicos x variable :  \n",
            "id              59400\n",
            "status_group        3\n",
            "dtype: int64\n"
          ],
          "name": "stdout"
        }
      ]
    },
    {
      "cell_type": "code",
      "metadata": {
        "id": "3-R1ZsLjfqvb",
        "colab_type": "code",
        "outputId": "ccab06d8-f4a2-488b-8fc7-1e952a439239",
        "colab": {
          "base_uri": "https://localhost:8080/",
          "height": 34
        }
      },
      "source": [
        "# Se identifican todas las variables con muestras que contengan valores nulos.\n",
        "def var_null(df):\n",
        "    lvar_null = [i for i in df.columns if df[i].isnull().sum() > 0]\n",
        "    return lvar_null\n",
        "\n",
        "# Se reemplazan los valores nulos\n",
        "def reemplaza_null(df, lvar, valor):\n",
        "    for var in lvar:\n",
        "        df[var].fillna(valor, inplace = True)\n",
        "\n",
        "print(var_null(df_01))\n",
        "reemplaza_null(df_01, var_null(df_01), 'No_informado')\n"
      ],
      "execution_count": 4,
      "outputs": [
        {
          "output_type": "stream",
          "text": [
            "['funder', 'installer', 'subvillage', 'public_meeting', 'scheme_management', 'scheme_name', 'permit']\n"
          ],
          "name": "stdout"
        }
      ]
    },
    {
      "cell_type": "code",
      "metadata": {
        "id": "BrC47JzJfqvf",
        "colab_type": "code",
        "outputId": "c5ea3c3b-b75c-4ace-e10f-a9bd3d975256",
        "colab": {
          "base_uri": "https://localhost:8080/",
          "height": 374
        }
      },
      "source": [
        "# Se define la función obj_2_cat(), que convierte las variables tipo objeto \n",
        "# de un dataframe, en categóricas.\n",
        "def obj_2_cat(df,cat_codes=True):\n",
        "    # Se identifican las variables tipo object\n",
        "    l_v_obj = []\n",
        "    l_v_obj = list(df.select_dtypes(['O']).columns)\n",
        "\n",
        "    if len(l_v_obj) > 0:\n",
        "        # Conversión de variables tipo object a tipo category\n",
        "        df[l_v_obj] = df[l_v_obj].astype(\"category\")\n",
        "\n",
        "        # Se reemplazan los textos de las variables categóricas, por su valor de categoría.\n",
        "        if cat_codes == True:\n",
        "            for var in l_v_obj:\n",
        "                df[var]  = df[var].cat.codes\n",
        "\n",
        "obj_2_cat(df_01)\n",
        "obj_2_cat(df_02,cat_codes=False)\n",
        "print(df_01.describe())\n",
        "print(df_02.info())"
      ],
      "execution_count": 5,
      "outputs": [
        {
          "output_type": "stream",
          "text": [
            "                 id     amount_tsh  ...  waterpoint_type  waterpoint_type_group\n",
            "count  59400.000000   59400.000000  ...     59400.000000           59400.000000\n",
            "mean   37115.131768     317.650385  ...         2.574091               2.056212\n",
            "std    21453.128371    2997.574558  ...         1.781438               1.378937\n",
            "min        0.000000       0.000000  ...         0.000000               0.000000\n",
            "25%    18519.750000       0.000000  ...         1.000000               1.000000\n",
            "50%    37061.500000       0.000000  ...         2.000000               1.000000\n",
            "75%    55656.500000      20.000000  ...         4.000000               3.000000\n",
            "max    74247.000000  350000.000000  ...         6.000000               5.000000\n",
            "\n",
            "[8 rows x 40 columns]\n",
            "<class 'pandas.core.frame.DataFrame'>\n",
            "RangeIndex: 59400 entries, 0 to 59399\n",
            "Data columns (total 2 columns):\n",
            " #   Column        Non-Null Count  Dtype   \n",
            "---  ------        --------------  -----   \n",
            " 0   id            59400 non-null  int64   \n",
            " 1   status_group  59400 non-null  category\n",
            "dtypes: category(1), int64(1)\n",
            "memory usage: 522.3 KB\n",
            "None\n"
          ],
          "name": "stdout"
        }
      ]
    },
    {
      "cell_type": "code",
      "metadata": {
        "id": "An07Vfmvfqvj",
        "colab_type": "code",
        "outputId": "29cc21d4-f795-4020-acd9-83993369ef5d",
        "colab": {
          "base_uri": "https://localhost:8080/",
          "height": 700
        }
      },
      "source": [
        "# Se eligen 16 variables predictoras.\n",
        "lvar_pred = ['amount_tsh','funder','region_code','district_code',\n",
        "             'public_meeting','scheme_management','construction_year',\n",
        "             'extraction_type','extraction_type_group','extraction_type_class',\n",
        "             'management_group','water_quality','quality_group','quantity',\n",
        "             'source_class','waterpoint_type']\n",
        "\n",
        "# Se identifica la variable objetivo.\n",
        "var_objet = ['status_group']\n",
        "\n",
        "# El dataset df_03 contiene las 16 variables predictoras elegidas.\n",
        "df_03 = df_01[lvar_pred]\n",
        "# El dataset df_04 contiene la variable objetivo.\n",
        "df_04 = df_02[var_objet]\n",
        "\n",
        "# Son mirados ambos dataset\n",
        "ve_df(df_03)\n",
        "print('\\n')\n",
        "ve_df(df_04)\n"
      ],
      "execution_count": 6,
      "outputs": [
        {
          "output_type": "stream",
          "text": [
            "# Muestras       :   59400\n",
            "# Variables      :      16 \n",
            "\n",
            "Variables        : \n",
            " ['amount_tsh', 'funder', 'region_code', 'district_code', 'public_meeting', 'scheme_management', 'construction_year', 'extraction_type', 'extraction_type_group', 'extraction_type_class', 'management_group', 'water_quality', 'quality_group', 'quantity', 'source_class', 'waterpoint_type']\n",
            "\n",
            "# Muestras  con  nulos    :      0\n",
            "\n",
            "Valores únicos x variable :  \n",
            "amount_tsh                 98\n",
            "funder                   1898\n",
            "region_code                27\n",
            "district_code              20\n",
            "public_meeting              3\n",
            "scheme_management          13\n",
            "construction_year          55\n",
            "extraction_type            18\n",
            "extraction_type_group      13\n",
            "extraction_type_class       7\n",
            "management_group            5\n",
            "water_quality               8\n",
            "quality_group               6\n",
            "quantity                    5\n",
            "source_class                3\n",
            "waterpoint_type             7\n",
            "dtype: int64\n",
            "\n",
            "\n",
            "# Muestras       :   59400\n",
            "# Variables      :       1 \n",
            "\n",
            "Variables        : \n",
            " ['status_group']\n",
            "\n",
            "# Muestras  con  nulos    :      0\n",
            "\n",
            "Valores únicos x variable :  \n",
            "status_group    3\n",
            "dtype: int64\n"
          ],
          "name": "stdout"
        }
      ]
    },
    {
      "cell_type": "code",
      "metadata": {
        "id": "afOdZIU_wNzJ",
        "colab_type": "code",
        "outputId": "81cddf5d-00a8-4ce0-a121-d8b6a9187918",
        "colab": {
          "base_uri": "https://localhost:8080/",
          "height": 289
        }
      },
      "source": [
        "# Se miran los dataset\n",
        "print(df_03.describe())\n",
        "print(df_04.describe())"
      ],
      "execution_count": 7,
      "outputs": [
        {
          "output_type": "stream",
          "text": [
            "          amount_tsh        funder  ...  source_class  waterpoint_type\n",
            "count   59400.000000  59400.000000  ...  59400.000000     59400.000000\n",
            "mean      317.650385    853.604983  ...      0.233737         2.574091\n",
            "std      2997.574558    561.879176  ...      0.434129         1.781438\n",
            "min         0.000000      0.000000  ...      0.000000         0.000000\n",
            "25%         0.000000    446.000000  ...      0.000000         1.000000\n",
            "50%         0.000000    657.500000  ...      0.000000         2.000000\n",
            "75%        20.000000   1319.000000  ...      0.000000         4.000000\n",
            "max    350000.000000   1897.000000  ...      2.000000         6.000000\n",
            "\n",
            "[8 rows x 16 columns]\n",
            "       status_group\n",
            "count         59400\n",
            "unique            3\n",
            "top      functional\n",
            "freq          32259\n"
          ],
          "name": "stdout"
        }
      ]
    },
    {
      "cell_type": "code",
      "metadata": {
        "id": "rpqP95l_fqvn",
        "colab_type": "code",
        "outputId": "1de31ea6-fd22-4f6e-c3ad-58dd5ce07b58",
        "colab": {
          "base_uri": "https://localhost:8080/",
          "height": 791
        }
      },
      "source": [
        "# Matriz de correlación del dataset df_03 \n",
        "\n",
        "# Se importan librerías a ser usadas.\n",
        "import numpy as np \n",
        "\n",
        "import matplotlib.pyplot as plt\n",
        "from PIL import  Image\n",
        "%matplotlib inline\n",
        "\n",
        "import itertools\n",
        "\n",
        "import seaborn as sns\n",
        "import plotly.offline as py\n",
        "#py.init_notebook_mode(connected=True)\n",
        "import plotly.graph_objs as go\n",
        "import plotly.tools as tls\n",
        "import plotly.figure_factory as ff\n",
        "\n",
        "import warnings\n",
        "warnings.filterwarnings(\"ignore\")\n",
        "\n",
        "correlation = df_03.corr()\n",
        "#tick labels\n",
        "matrix_cols = correlation.columns.tolist()\n",
        "#convert to array\n",
        "corr_array  = np.array(correlation)\n",
        "\n",
        "#Plotting\n",
        "trace = go.Heatmap(z = corr_array,\n",
        "                   x = matrix_cols,\n",
        "                   y = matrix_cols,\n",
        "                   colorscale = \"Viridis\",\n",
        "                   colorbar   = dict(title = \"Coficiente Pearson de Correlacion\",\n",
        "                                     titleside = \"right\"\n",
        "                                    ) ,\n",
        "                  )\n",
        "\n",
        "layout = go.Layout(dict(title = \"Matriz de correlación de variables\",\n",
        "                        autosize = False,\n",
        "                        height  = 720,\n",
        "                        width   = 800,\n",
        "                        margin  = dict(r = 0 ,l = 210,\n",
        "                                       t = 25,b = 210,\n",
        "                                      ),\n",
        "                        yaxis   = dict(tickfont = dict(size = 9)),\n",
        "                        xaxis   = dict(tickfont = dict(size = 9))\n",
        "                       )\n",
        "                  )\n",
        "\n",
        "data = [trace]\n",
        "fig = go.Figure(data=data,layout=layout)\n",
        "py.iplot(fig)\n",
        "#fig.show()"
      ],
      "execution_count": 8,
      "outputs": [
        {
          "output_type": "stream",
          "text": [
            "/usr/local/lib/python3.6/dist-packages/statsmodels/tools/_testing.py:19: FutureWarning: pandas.util.testing is deprecated. Use the functions in the public API at pandas.testing instead.\n",
            "  import pandas.util.testing as tm\n"
          ],
          "name": "stderr"
        },
        {
          "output_type": "display_data",
          "data": {
            "text/html": [
              "<html>\n",
              "<head><meta charset=\"utf-8\" /></head>\n",
              "<body>\n",
              "    <div>\n",
              "            <script src=\"https://cdnjs.cloudflare.com/ajax/libs/mathjax/2.7.5/MathJax.js?config=TeX-AMS-MML_SVG\"></script><script type=\"text/javascript\">if (window.MathJax) {MathJax.Hub.Config({SVG: {font: \"STIX-Web\"}});}</script>\n",
              "                <script type=\"text/javascript\">window.PlotlyConfig = {MathJaxConfig: 'local'};</script>\n",
              "        <script src=\"https://cdn.plot.ly/plotly-latest.min.js\"></script>    \n",
              "            <div id=\"41b7988e-3349-4322-80e0-3c8ee91185d2\" class=\"plotly-graph-div\" style=\"height:720px; width:800px;\"></div>\n",
              "            <script type=\"text/javascript\">\n",
              "                \n",
              "                    window.PLOTLYENV=window.PLOTLYENV || {};\n",
              "                    \n",
              "                if (document.getElementById(\"41b7988e-3349-4322-80e0-3c8ee91185d2\")) {\n",
              "                    Plotly.newPlot(\n",
              "                        '41b7988e-3349-4322-80e0-3c8ee91185d2',\n",
              "                        [{\"colorbar\": {\"title\": {\"side\": \"right\", \"text\": \"Coficiente Pearson de Correlacion\"}}, \"colorscale\": [[0.0, \"#440154\"], [0.1111111111111111, \"#482878\"], [0.2222222222222222, \"#3e4989\"], [0.3333333333333333, \"#31688e\"], [0.4444444444444444, \"#26828e\"], [0.5555555555555556, \"#1f9e89\"], [0.6666666666666666, \"#35b779\"], [0.7777777777777778, \"#6ece58\"], [0.8888888888888888, \"#b5de2b\"], [1.0, \"#fde725\"]], \"type\": \"heatmap\", \"x\": [\"amount_tsh\", \"funder\", \"region_code\", \"district_code\", \"public_meeting\", \"scheme_management\", \"construction_year\", \"extraction_type\", \"extraction_type_group\", \"extraction_type_class\", \"management_group\", \"water_quality\", \"quality_group\", \"quantity\", \"source_class\", \"waterpoint_type\"], \"y\": [\"amount_tsh\", \"funder\", \"region_code\", \"district_code\", \"public_meeting\", \"scheme_management\", \"construction_year\", \"extraction_type\", \"extraction_type_group\", \"extraction_type_class\", \"management_group\", \"water_quality\", \"quality_group\", \"quantity\", \"source_class\", \"waterpoint_type\"], \"z\": [[1.0, 0.0037388788673059165, -0.026812994577949167, -0.023599405413481243, -0.0003411618731167381, 0.010560297283560073, 0.06791521104168805, -0.025091280000574225, -0.01773819526868787, -0.013212971004728536, -0.0018363819178060636, 0.012624354024780847, -0.023994921088926327, -0.014526328481436215, 0.03492239000514304, -0.04382071521630337], [0.0037388788673059165, 1.0, -0.01660523605798351, -0.018539274820028363, -0.046631286818393916, 0.00732305425681203, -0.09554234867738783, -0.021744940077501766, -0.009485323490464869, 0.025476983873472914, -0.027981347921553292, -0.03564876113285878, 0.023494424243219732, 0.04170937503563919, 0.040512569040986074, 0.05266978929569757], [-0.026812994577949167, -0.01660523605798351, 1.0, 0.6786023067888902, 0.01875732479887966, -0.09921156364578956, 0.031724056815404494, 0.10147182519288127, 0.0976874785707377, 0.1494796715451134, 0.033028310497819645, -0.06350818128166245, 0.08458312583164848, -0.06681182130014919, -0.07622676784994735, 0.18462159130663436], [-0.023599405413481243, -0.018539274820028363, 0.6786023067888902, 1.0, -0.004100615198999975, -0.01846631097414241, 0.048315185322544855, 0.02674560119568145, 0.018556527011935272, 0.06714291997048197, 0.01561653878820749, -0.06122277414794255, 0.03793877983138447, -0.02780344273332048, -0.047690866390614386, 0.08120046625131945], [-0.0003411618731167381, -0.046631286818393916, 0.01875732479887966, -0.004100615198999975, 1.0, -0.01559739006352188, 0.03266784939094599, 0.017615925761051997, -0.0021299548465370296, -0.006063339753761201, 0.08674553648026725, 0.03207865111290963, 0.07469036519745152, -0.028307263136440358, -0.07190390820805277, -0.023052629198992543], [0.010560297283560073, 0.00732305425681203, -0.09921156364578956, -0.01846631097414241, -0.01559739006352188, 1.0, -0.02000545799279722, -0.10299224809818441, -0.11414004100277032, -0.10538655802979287, 0.31014900370770687, 0.06802962529132267, -0.0869967780263637, -0.129732936632669, 0.008024884690184577, -0.14269983304204378], [0.06791521104168805, -0.09554234867738783, 0.031724056815404494, 0.048315185322544855, 0.03266784939094599, -0.02000545799279722, 1.0, -0.06143383163669114, -0.056985637512989386, 0.010065653376343964, -0.07437987831777954, 0.05088391861311186, -0.008011710283821827, -0.008483965862860293, 0.09642742293636171, -0.19450563869473006], [-0.025091280000574225, -0.021744940077501766, 0.10147182519288127, 0.02674560119568145, 0.017615925761051997, -0.10299224809818441, -0.06143383163669114, 1.0, 0.9495235109875688, 0.6950515295523549, -0.037539704348146345, -0.10922509549321066, 0.15802282552864833, 0.0010823152962976116, -0.22979484604314113, 0.3447847842999491], [-0.01773819526868787, -0.009485323490464869, 0.0976874785707377, 0.018556527011935272, -0.0021299548465370296, -0.11414004100277032, -0.056985637512989386, 0.9495235109875688, 1.0, 0.7843003787437748, -0.07353688175371997, -0.11020250838885498, 0.15743893084359953, -0.011712261841561884, -0.1751479394732306, 0.32020244222427807], [-0.013212971004728536, 0.025476983873472914, 0.1494796715451134, 0.06714291997048197, -0.006063339753761201, -0.10538655802979287, 0.010065653376343964, 0.6950515295523549, 0.7843003787437748, 1.0, -0.1528069729027154, -0.11543259883873112, 0.19641039872218805, -0.04720837495352112, -0.09000893669849314, 0.2065426333767932], [-0.0018363819178060636, -0.027981347921553292, 0.033028310497819645, 0.01561653878820749, 0.08674553648026725, 0.31014900370770687, -0.07437987831777954, -0.037539704348146345, -0.07353688175371997, -0.1528069729027154, 1.0, -5.819797421095251e-05, -0.015640174657528292, -0.06383984659811325, -0.10370185206003224, 0.08800958123952594], [0.012624354024780847, -0.03564876113285878, -0.06350818128166245, -0.06122277414794255, 0.03207865111290963, 0.06802962529132267, 0.05088391861311186, -0.10922509549321066, -0.11020250838885498, -0.11543259883873112, -5.819797421095251e-05, 1.0, -0.1453331963454709, -0.031868563363299456, 0.08383375340315007, -0.16209619470824743], [-0.023994921088926327, 0.023494424243219732, 0.08458312583164848, 0.03793877983138447, 0.07469036519745152, -0.0869967780263637, -0.008011710283821827, 0.15802282552864833, 0.15743893084359953, 0.19641039872218805, -0.015640174657528292, -0.1453331963454709, 1.0, 0.011645543540549952, -0.12560209528056215, 0.19988282151156728], [-0.014526328481436215, 0.04170937503563919, -0.06681182130014919, -0.02780344273332048, -0.028307263136440358, -0.129732936632669, -0.008483965862860293, 0.0010823152962976116, -0.011712261841561884, -0.04720837495352112, -0.06383984659811325, -0.031868563363299456, 0.011645543540549952, 1.0, 0.11730023869780327, 0.006435571912650307], [0.03492239000514304, 0.040512569040986074, -0.07622676784994735, -0.047690866390614386, -0.07190390820805277, 0.008024884690184577, 0.09642742293636171, -0.22979484604314113, -0.1751479394732306, -0.09000893669849314, -0.10370185206003224, 0.08383375340315007, -0.12560209528056215, 0.11730023869780327, 1.0, -0.3397147982270826], [-0.04382071521630337, 0.05266978929569757, 0.18462159130663436, 0.08120046625131945, -0.023052629198992543, -0.14269983304204378, -0.19450563869473006, 0.3447847842999491, 0.32020244222427807, 0.2065426333767932, 0.08800958123952594, -0.16209619470824743, 0.19988282151156728, 0.006435571912650307, -0.3397147982270826, 1.0]]}],\n",
